1
0
15
2
10
13
0
5
0
2
6
0
3
0
2
5
8
0
4
0
2
6
11
0
4
6
4
2
7
0
6
5
16
0
4
8
19
0
4
4
1
40
0
5
12
0
3
34
0
3
3
1
11
30
0
6
25
0
3
8
24
0
4
23
0
3
7
38
0
4
7
4
2
45
0
6
20
0
3
13
74
0
4
11
31
0
4
4
1
37
0
5
48
0
3
16
63
0
4
11
16
5
10
98
0
7
35
0
3
14
0
3
3
1
25
58
0
6
42
0
3
8
62
0
4
26
0
3
7
23
66
0
5
31
49
0
4
12
93
0
4
4
1
29
0
5
13
67
0
4
8
29
8
2
81
0
7
28
0
3
32
0
3
3
1
22
0
5
22
3
6
53
0
6
3
5
8
24
117
0
7
24
4
33
0
5
10
84
0
4
7
10
5
7
3
20
119
0
9
0
2
47
0
3
9
6
32
46
0
6
4
21
0
4
3
11
116
0
5
26
94
0
4
9
19
188
0
5
9
5
2
30
178
0
7
41
0
3
23
109
0
4
19
18
0
4
4
1
83
0
5
21
40
211
0
5
5
1
10
67
112
0
7
28
106
0
4
20
72
0
4
4
1
15
271
0
6
67
18
35
173
0
6
6
1
12
148
0
6
5
33
107
0
5
4
23
57
0
5
5
1
16
201
0
6
16
4
12
22
140
0
7
49
178
81
160
0
6
13
172
0
4
15
49
11
109
86
0
7
17
0
3
94
112
73
0
5
37
248
0
4
19
99
0
4
4
1
46
140
39
0
7
23
57
57
1
9
128
0
8
183
0
3
31
230
0
4
21
116
152
0
5
35
93
235
0
5
5
1
23
27
0
6
65
0
3
23
7
36
0
5
13
73
58
278
0
6
14
288
0
4
34
354
0
4
4
1
28
144
0
6
14
14
1
7
27
35
44
0
9
63
324
0
4
18
146
0
4
4
1
16
125
0
6
23
48
343
0
5
48
4
12
134
0
6
11
121
0
4
8
90
0
4
4
1
25
341
0
6
14
47
259
0
5
25
9
46
119
271
194
0
8
22
164
0
4
22
4
2
248
141
0
7
68
0
3
100
0
3
3
1
36
103
0
6
36
4
19
156
0
6
6
1
12
62
382
0
7
25
44
92
0
5
49
190
0
4
20
250
0
4
4
1
20
6
23
91
0
8
57
175
0
4
11
88
0
4
4
1
16
109
215
0
7
36
49
32
340
0
6
25
42
433
0
5
42
4
19
60
0
6
11
28
155
0
5
11
5
2
90
119
103
79
0
9
109
35
160
262
0
6
20
58
189
0
5
18
162
0
4
33
300
0
4
4
1
57
67
320
0
7
57
5
17
274
0
6
26
388
0
4
16
72
344
0
5
13
225
0
4
9
46
155
59
0
6
19
69
0
4
10
372
0
4
4
1
40
384
0
6
14
181
0
4
9
24
464
0
5
33
59
27
236
0
6
15
333
0
4
15
4
2
93
289
0
7
65
283
0
4
9
26
64
0
5
26
4
7
12
175
149
0
8
154
0
3
196
0
3
3
1
55
0
5
19
68
212
0
5
5
1
10
71
0
6
50
0
3
18
122
0
4
35
136
0
4
4
1
17
115
0
6
17
4
7
47
265
0
7
4
6
9
61
0
6
4
6
2
76
0
6
4
6
2
6
2
2
1
30
517
0
11
185
0
3
47
30
8
75
0
6
16
150
0
4
23
240
0
4
4
1
23
6
12
95
0
8
19
83
530
0
5
82
0
3
30
29
635
0
5
8
14
151
0
5
5
1
26
122
89
0
7
73
410
0
4
36
262
229
0
5
15
152
443
0
5
5
1
21
451
0
6
49
277
0
4
20
245
0
4
4
1
14
41
598
0
7
35
125
407
0
5
25
292
0
4
15
35
10
147
0
6
30
67
256
0
5
15
11
107
568
0
6
11
5
8
75
108
0
7
33
221
0
4
28
312
0
4
4
1
48
441
0
6
21
66
755
0
5
24
244
0
4
14
61
162
308
0
6
15
42
345
0
5
15
5
2
160
330
0
7
41
78
0
4
22
439
0
4
4
1
41
10
74
843
0
8
61
33
58
347
0
6
34
532
0
4
17
215
397
0
5
36
136
230
580
0
6
15
44
440
0
5
11
90
385
0
5
5
1
39
611
0
6
16
203
0
4
31
605
0
4
4
1
14
81
661
0
7
68
284
0
4
10
61
57
384
349
0
7
11
37
654
0
5
36
53
825
0
5
5
1
28
128
646
0
7
17
70
0
4
28
9
281
0
5
15
68
38
951
0
6
58
93
361
0
5
11
37
37
1
29
245
205
0
9
23
265
311
0
5
14
67
189
460
0
6
25
205
15
33
122
253
0
8
128
52
0
4
48
179
0
4
4
1
34
132
0
6
22
154
387
0
5
33
24
186
0
5
5
1
16
117
904
0
7
79
514
0
4
26
293
0
4
4
1
15
47
342
0
7
15
5
23
67
62
601
0
8
54
0
3
327
0
3
3
1
21
233
0
6
52
65
456
0
5
23
23
1
12
356
0
7
32
587
0
4
42
237
0
4
4
1
14
102
0
6
26
57
163
0
5
26
5
2
248
676
0
7
26
7
2
7
2
2
1
23
39
207
0
12
41
250
654
181
533
0
7
15
77
0
4
40
546
0
4
4
1
22
119
619
0
7
15
15
1
8
88
663
0
8
4
15
8
3
89
406
0
8
5
56
0
4
11
186
138
0
5
8
10
236
568
361
198
0
8
7
34
162
333
573
0
7
6
87
0
4
24
162
10
20
414
0
7
11
31
277
423
0
6
16
169
0
4
17
247
0
4
4
1
64
588
0
6
14
121
819
0
5
51
0
3
67
168
0
4
17
22
89
73
477
0
7
39
116
916
0
5
19
511
0
4
16
42
156
796
0
6
34
71
597
0
5
15
101
0
4
15
4
2
145
0
6
15
6
2
6
2
2
1
60
762
0
11
79
238
0
4
19
40
147
481
0
6
17
58
313
0
5
36
344
727
0
5
5
1
26
187
0
6
16
58
16
2
35
507
0
8
132
292
516
0
5
18
655
0
4
39
84
1181
0
5
9
337
0
4
9
4
2
25
332
0
7
100
897
0
4
9
11
65
267
0
6
43
0
3
124
0
3
3
1
55
710
0
6
12
235
1032
0
5
38
392
0
4
27
763
0
4
4
1
19
92
911
0
7
42
132
68
410
625
0
7
7
1
14
170
0
6
33
364
0
4
23
276
0
4
4
1
14
14
1
3
52
331
0
10
216
0
3
7
27
46
840
0
6
27
5
57
319
0
6
6
1
22
196
788
0
7
18
115
760
0
5
16
131
0
4
40
158
0
4
4
1
20
253
442
0
7
20
5
17
166
0
6
32
371
0
4
16
25
130
0
5
13
897
130
5
4
10
63
1099
0
10
4
6
21
408
0
6
4
6
2
153
0
6
4
6
2
6
2
2
1
49
720
0
11
157
0
3
90
595
0
4
17
53
558
0
5
41
387
488
0
5
5
1
23
123
0
6
30
717
0
4
20
75
708
0
5
14
129
0
4
9
195
0
4
4
1
23
23
1
3
43
199
0
10
73
317
0
4
13
87
367
0
5
27
140
1258
0
5
5
1
21
87
12
209
0
8
260
0
3
29
590
0
4
25
116
342
529
0
6
62
526
0
4
10
40
149
957
0
6
10
6
2
103
1073
0
7
150
886
0
4
17
99
1311
0
5
46
196
184
0
5
5
1
52
212
969
0
7
21
57
203
706
0
6
32
171
0
4
27
74
757
0
5
21
15
372
1055
0
6
15
5
8
75
119
505
0
8
5
7
31
455
0
6
14
126
0
4
29
87
96
0
5
14
9
132
289
1053
0
7
20
147
391
0
5
12
111
0
4
21
45
1657
0
5
9
20
15
46
80
0
7
21
12
17
91
1218
0
7
7
1
86
1424
0
6
50
1049
0
4
29
50
5
27
82
980
0
8
68
339
0
4
12
28
760
292
414
533
600
0
9
44
830
0
4
13
183
1424
34
488
227
0
8
25
166
291
0
5
35
442
302
0
5
5
1
53
249
0
6
53
4
26
463
0
6
6
1
12
45
86
67
546
636
0
10
181
649
0
4
18
349
841
0
5
30
263
0
4
9
58
486
0
5
9
5
2
200
0
6
33
409
0
4
15
115
373
0
5
13
73
261
0
5
5
1
48
804
0
6
20
132
153
337
497
0
7
125
1036
0
4
27
117
797
0
5
21
142
0
4
9
46
151
1097
0
6
26
84
526
263
63
378
0
8
110
0
3
283
1237
0
4
21
25
118
0
5
30
81
939
0
5
5
1
57
250
749
0
7
51
656
0
4
21
21
1
12
117
54
825
938
0
10
116
313
604
0
5
25
35
149
309
0
6
57
30
38
542
0
6
6
1
26
65
570
0
7
38
11
419
0
5
24
731
0
4
43
380
0
4
4
1
20
111
253
486
143
0
9
97
0
3
84
94
1657
259
1530
0
7
32
320
1398
0
5
32
5
2
159
0
6
49
464
1361
0
5
9
27
134
1571
0
6
11
53
211